{
 "cells": [
  {
   "cell_type": "code",
   "execution_count": 22,
   "metadata": {},
   "outputs": [],
   "source": [
    "import pandas as pd\n",
    "\n",
    "# Open the CSV file\n",
    "f = open(\"BRK-A.csv\", \"r\")\n",
    "\n",
    "# Read the CSV file using pandas\n",
    "df = pd.read_csv(f)\n",
    "\n",
    "# Close the file after reading\n",
    "f.close()\n",
    "\n",
    "# Now you can work with the DataFrame 'df'\n"
   ]
  },
  {
   "cell_type": "code",
   "execution_count": 23,
   "metadata": {},
   "outputs": [
    {
     "data": {
      "text/html": [
       "<div>\n",
       "<style scoped>\n",
       "    .dataframe tbody tr th:only-of-type {\n",
       "        vertical-align: middle;\n",
       "    }\n",
       "\n",
       "    .dataframe tbody tr th {\n",
       "        vertical-align: top;\n",
       "    }\n",
       "\n",
       "    .dataframe thead th {\n",
       "        text-align: right;\n",
       "    }\n",
       "</style>\n",
       "<table border=\"1\" class=\"dataframe\">\n",
       "  <thead>\n",
       "    <tr style=\"text-align: right;\">\n",
       "      <th></th>\n",
       "      <th>Date</th>\n",
       "      <th>Open</th>\n",
       "      <th>High</th>\n",
       "      <th>Low</th>\n",
       "      <th>Close</th>\n",
       "      <th>Adj Close</th>\n",
       "      <th>Volume</th>\n",
       "    </tr>\n",
       "  </thead>\n",
       "  <tbody>\n",
       "    <tr>\n",
       "      <th>0</th>\n",
       "      <td>2023-02-24</td>\n",
       "      <td>456300.0</td>\n",
       "      <td>464013.0</td>\n",
       "      <td>454955.0</td>\n",
       "      <td>461705.0</td>\n",
       "      <td>461705.0</td>\n",
       "      <td>4600</td>\n",
       "    </tr>\n",
       "    <tr>\n",
       "      <th>1</th>\n",
       "      <td>2023-02-27</td>\n",
       "      <td>462910.0</td>\n",
       "      <td>463950.0</td>\n",
       "      <td>458090.0</td>\n",
       "      <td>461912.0</td>\n",
       "      <td>461912.0</td>\n",
       "      <td>6500</td>\n",
       "    </tr>\n",
       "    <tr>\n",
       "      <th>2</th>\n",
       "      <td>2023-02-28</td>\n",
       "      <td>462524.0</td>\n",
       "      <td>464530.0</td>\n",
       "      <td>459970.0</td>\n",
       "      <td>463525.0</td>\n",
       "      <td>463525.0</td>\n",
       "      <td>4000</td>\n",
       "    </tr>\n",
       "    <tr>\n",
       "      <th>3</th>\n",
       "      <td>2023-03-01</td>\n",
       "      <td>460829.0</td>\n",
       "      <td>463618.0</td>\n",
       "      <td>458442.0</td>\n",
       "      <td>462435.0</td>\n",
       "      <td>462435.0</td>\n",
       "      <td>4200</td>\n",
       "    </tr>\n",
       "    <tr>\n",
       "      <th>4</th>\n",
       "      <td>2023-03-02</td>\n",
       "      <td>461964.0</td>\n",
       "      <td>467007.0</td>\n",
       "      <td>457179.0</td>\n",
       "      <td>466790.0</td>\n",
       "      <td>466790.0</td>\n",
       "      <td>4000</td>\n",
       "    </tr>\n",
       "    <tr>\n",
       "      <th>...</th>\n",
       "      <td>...</td>\n",
       "      <td>...</td>\n",
       "      <td>...</td>\n",
       "      <td>...</td>\n",
       "      <td>...</td>\n",
       "      <td>...</td>\n",
       "      <td>...</td>\n",
       "    </tr>\n",
       "    <tr>\n",
       "      <th>246</th>\n",
       "      <td>2024-02-16</td>\n",
       "      <td>607983.0</td>\n",
       "      <td>612395.0</td>\n",
       "      <td>605721.0</td>\n",
       "      <td>610086.0</td>\n",
       "      <td>610086.0</td>\n",
       "      <td>12600</td>\n",
       "    </tr>\n",
       "    <tr>\n",
       "      <th>247</th>\n",
       "      <td>2024-02-20</td>\n",
       "      <td>611884.0</td>\n",
       "      <td>619237.0</td>\n",
       "      <td>611020.0</td>\n",
       "      <td>613140.0</td>\n",
       "      <td>613140.0</td>\n",
       "      <td>20300</td>\n",
       "    </tr>\n",
       "    <tr>\n",
       "      <th>248</th>\n",
       "      <td>2024-02-21</td>\n",
       "      <td>613998.0</td>\n",
       "      <td>617550.0</td>\n",
       "      <td>612052.0</td>\n",
       "      <td>617011.0</td>\n",
       "      <td>617011.0</td>\n",
       "      <td>12700</td>\n",
       "    </tr>\n",
       "    <tr>\n",
       "      <th>249</th>\n",
       "      <td>2024-02-22</td>\n",
       "      <td>620749.0</td>\n",
       "      <td>626947.0</td>\n",
       "      <td>617661.0</td>\n",
       "      <td>625510.0</td>\n",
       "      <td>625510.0</td>\n",
       "      <td>13300</td>\n",
       "    </tr>\n",
       "    <tr>\n",
       "      <th>250</th>\n",
       "      <td>2024-02-23</td>\n",
       "      <td>629210.0</td>\n",
       "      <td>632820.0</td>\n",
       "      <td>626900.0</td>\n",
       "      <td>628930.0</td>\n",
       "      <td>628930.0</td>\n",
       "      <td>14200</td>\n",
       "    </tr>\n",
       "  </tbody>\n",
       "</table>\n",
       "<p>251 rows × 7 columns</p>\n",
       "</div>"
      ],
      "text/plain": [
       "           Date      Open      High       Low     Close  Adj Close  Volume\n",
       "0    2023-02-24  456300.0  464013.0  454955.0  461705.0   461705.0    4600\n",
       "1    2023-02-27  462910.0  463950.0  458090.0  461912.0   461912.0    6500\n",
       "2    2023-02-28  462524.0  464530.0  459970.0  463525.0   463525.0    4000\n",
       "3    2023-03-01  460829.0  463618.0  458442.0  462435.0   462435.0    4200\n",
       "4    2023-03-02  461964.0  467007.0  457179.0  466790.0   466790.0    4000\n",
       "..          ...       ...       ...       ...       ...        ...     ...\n",
       "246  2024-02-16  607983.0  612395.0  605721.0  610086.0   610086.0   12600\n",
       "247  2024-02-20  611884.0  619237.0  611020.0  613140.0   613140.0   20300\n",
       "248  2024-02-21  613998.0  617550.0  612052.0  617011.0   617011.0   12700\n",
       "249  2024-02-22  620749.0  626947.0  617661.0  625510.0   625510.0   13300\n",
       "250  2024-02-23  629210.0  632820.0  626900.0  628930.0   628930.0   14200\n",
       "\n",
       "[251 rows x 7 columns]"
      ]
     },
     "execution_count": 23,
     "metadata": {},
     "output_type": "execute_result"
    }
   ],
   "source": [
    "df"
   ]
  },
  {
   "cell_type": "code",
   "execution_count": 24,
   "metadata": {},
   "outputs": [],
   "source": [
    "df['Date']=pd.to_datetime(df['Date'])"
   ]
  },
  {
   "cell_type": "code",
   "execution_count": 25,
   "metadata": {},
   "outputs": [],
   "source": [
    "df = df.sort_values(by='Date', ascending=False)\n"
   ]
  },
  {
   "cell_type": "code",
   "execution_count": 26,
   "metadata": {},
   "outputs": [
    {
     "data": {
      "text/html": [
       "<div>\n",
       "<style scoped>\n",
       "    .dataframe tbody tr th:only-of-type {\n",
       "        vertical-align: middle;\n",
       "    }\n",
       "\n",
       "    .dataframe tbody tr th {\n",
       "        vertical-align: top;\n",
       "    }\n",
       "\n",
       "    .dataframe thead th {\n",
       "        text-align: right;\n",
       "    }\n",
       "</style>\n",
       "<table border=\"1\" class=\"dataframe\">\n",
       "  <thead>\n",
       "    <tr style=\"text-align: right;\">\n",
       "      <th></th>\n",
       "      <th>Date</th>\n",
       "      <th>Open</th>\n",
       "      <th>High</th>\n",
       "      <th>Low</th>\n",
       "      <th>Close</th>\n",
       "      <th>Adj Close</th>\n",
       "      <th>Volume</th>\n",
       "    </tr>\n",
       "  </thead>\n",
       "  <tbody>\n",
       "    <tr>\n",
       "      <th>250</th>\n",
       "      <td>2024-02-23</td>\n",
       "      <td>629210.0</td>\n",
       "      <td>632820.0</td>\n",
       "      <td>626900.0</td>\n",
       "      <td>628930.0</td>\n",
       "      <td>628930.0</td>\n",
       "      <td>14200</td>\n",
       "    </tr>\n",
       "    <tr>\n",
       "      <th>249</th>\n",
       "      <td>2024-02-22</td>\n",
       "      <td>620749.0</td>\n",
       "      <td>626947.0</td>\n",
       "      <td>617661.0</td>\n",
       "      <td>625510.0</td>\n",
       "      <td>625510.0</td>\n",
       "      <td>13300</td>\n",
       "    </tr>\n",
       "    <tr>\n",
       "      <th>248</th>\n",
       "      <td>2024-02-21</td>\n",
       "      <td>613998.0</td>\n",
       "      <td>617550.0</td>\n",
       "      <td>612052.0</td>\n",
       "      <td>617011.0</td>\n",
       "      <td>617011.0</td>\n",
       "      <td>12700</td>\n",
       "    </tr>\n",
       "    <tr>\n",
       "      <th>247</th>\n",
       "      <td>2024-02-20</td>\n",
       "      <td>611884.0</td>\n",
       "      <td>619237.0</td>\n",
       "      <td>611020.0</td>\n",
       "      <td>613140.0</td>\n",
       "      <td>613140.0</td>\n",
       "      <td>20300</td>\n",
       "    </tr>\n",
       "    <tr>\n",
       "      <th>246</th>\n",
       "      <td>2024-02-16</td>\n",
       "      <td>607983.0</td>\n",
       "      <td>612395.0</td>\n",
       "      <td>605721.0</td>\n",
       "      <td>610086.0</td>\n",
       "      <td>610086.0</td>\n",
       "      <td>12600</td>\n",
       "    </tr>\n",
       "    <tr>\n",
       "      <th>...</th>\n",
       "      <td>...</td>\n",
       "      <td>...</td>\n",
       "      <td>...</td>\n",
       "      <td>...</td>\n",
       "      <td>...</td>\n",
       "      <td>...</td>\n",
       "      <td>...</td>\n",
       "    </tr>\n",
       "    <tr>\n",
       "      <th>4</th>\n",
       "      <td>2023-03-02</td>\n",
       "      <td>461964.0</td>\n",
       "      <td>467007.0</td>\n",
       "      <td>457179.0</td>\n",
       "      <td>466790.0</td>\n",
       "      <td>466790.0</td>\n",
       "      <td>4000</td>\n",
       "    </tr>\n",
       "    <tr>\n",
       "      <th>3</th>\n",
       "      <td>2023-03-01</td>\n",
       "      <td>460829.0</td>\n",
       "      <td>463618.0</td>\n",
       "      <td>458442.0</td>\n",
       "      <td>462435.0</td>\n",
       "      <td>462435.0</td>\n",
       "      <td>4200</td>\n",
       "    </tr>\n",
       "    <tr>\n",
       "      <th>2</th>\n",
       "      <td>2023-02-28</td>\n",
       "      <td>462524.0</td>\n",
       "      <td>464530.0</td>\n",
       "      <td>459970.0</td>\n",
       "      <td>463525.0</td>\n",
       "      <td>463525.0</td>\n",
       "      <td>4000</td>\n",
       "    </tr>\n",
       "    <tr>\n",
       "      <th>1</th>\n",
       "      <td>2023-02-27</td>\n",
       "      <td>462910.0</td>\n",
       "      <td>463950.0</td>\n",
       "      <td>458090.0</td>\n",
       "      <td>461912.0</td>\n",
       "      <td>461912.0</td>\n",
       "      <td>6500</td>\n",
       "    </tr>\n",
       "    <tr>\n",
       "      <th>0</th>\n",
       "      <td>2023-02-24</td>\n",
       "      <td>456300.0</td>\n",
       "      <td>464013.0</td>\n",
       "      <td>454955.0</td>\n",
       "      <td>461705.0</td>\n",
       "      <td>461705.0</td>\n",
       "      <td>4600</td>\n",
       "    </tr>\n",
       "  </tbody>\n",
       "</table>\n",
       "<p>251 rows × 7 columns</p>\n",
       "</div>"
      ],
      "text/plain": [
       "          Date      Open      High       Low     Close  Adj Close  Volume\n",
       "250 2024-02-23  629210.0  632820.0  626900.0  628930.0   628930.0   14200\n",
       "249 2024-02-22  620749.0  626947.0  617661.0  625510.0   625510.0   13300\n",
       "248 2024-02-21  613998.0  617550.0  612052.0  617011.0   617011.0   12700\n",
       "247 2024-02-20  611884.0  619237.0  611020.0  613140.0   613140.0   20300\n",
       "246 2024-02-16  607983.0  612395.0  605721.0  610086.0   610086.0   12600\n",
       "..         ...       ...       ...       ...       ...        ...     ...\n",
       "4   2023-03-02  461964.0  467007.0  457179.0  466790.0   466790.0    4000\n",
       "3   2023-03-01  460829.0  463618.0  458442.0  462435.0   462435.0    4200\n",
       "2   2023-02-28  462524.0  464530.0  459970.0  463525.0   463525.0    4000\n",
       "1   2023-02-27  462910.0  463950.0  458090.0  461912.0   461912.0    6500\n",
       "0   2023-02-24  456300.0  464013.0  454955.0  461705.0   461705.0    4600\n",
       "\n",
       "[251 rows x 7 columns]"
      ]
     },
     "execution_count": 26,
     "metadata": {},
     "output_type": "execute_result"
    }
   ],
   "source": [
    "df"
   ]
  },
  {
   "cell_type": "code",
   "execution_count": 27,
   "metadata": {},
   "outputs": [
    {
     "data": {
      "text/html": [
       "<div>\n",
       "<style scoped>\n",
       "    .dataframe tbody tr th:only-of-type {\n",
       "        vertical-align: middle;\n",
       "    }\n",
       "\n",
       "    .dataframe tbody tr th {\n",
       "        vertical-align: top;\n",
       "    }\n",
       "\n",
       "    .dataframe thead th {\n",
       "        text-align: right;\n",
       "    }\n",
       "</style>\n",
       "<table border=\"1\" class=\"dataframe\">\n",
       "  <thead>\n",
       "    <tr style=\"text-align: right;\">\n",
       "      <th></th>\n",
       "      <th>Date</th>\n",
       "      <th>Open</th>\n",
       "      <th>High</th>\n",
       "      <th>Low</th>\n",
       "      <th>Close</th>\n",
       "      <th>Adj Close</th>\n",
       "      <th>Volume</th>\n",
       "    </tr>\n",
       "  </thead>\n",
       "  <tbody>\n",
       "    <tr>\n",
       "      <th>count</th>\n",
       "      <td>251</td>\n",
       "      <td>251.000000</td>\n",
       "      <td>251.000000</td>\n",
       "      <td>251.000000</td>\n",
       "      <td>251.000000</td>\n",
       "      <td>251.000000</td>\n",
       "      <td>251.000000</td>\n",
       "    </tr>\n",
       "    <tr>\n",
       "      <th>mean</th>\n",
       "      <td>2023-08-24 12:48:45.896414464</td>\n",
       "      <td>525292.143426</td>\n",
       "      <td>529244.677291</td>\n",
       "      <td>521298.609562</td>\n",
       "      <td>525343.350598</td>\n",
       "      <td>525343.350598</td>\n",
       "      <td>7510.358566</td>\n",
       "    </tr>\n",
       "    <tr>\n",
       "      <th>min</th>\n",
       "      <td>2023-02-24 00:00:00</td>\n",
       "      <td>446749.000000</td>\n",
       "      <td>455608.000000</td>\n",
       "      <td>442363.000000</td>\n",
       "      <td>442765.000000</td>\n",
       "      <td>442765.000000</td>\n",
       "      <td>3900.000000</td>\n",
       "    </tr>\n",
       "    <tr>\n",
       "      <th>25%</th>\n",
       "      <td>2023-05-24 12:00:00</td>\n",
       "      <td>499531.000000</td>\n",
       "      <td>504548.500000</td>\n",
       "      <td>495143.500000</td>\n",
       "      <td>500150.000000</td>\n",
       "      <td>500150.000000</td>\n",
       "      <td>6200.000000</td>\n",
       "    </tr>\n",
       "    <tr>\n",
       "      <th>50%</th>\n",
       "      <td>2023-08-24 00:00:00</td>\n",
       "      <td>528765.000000</td>\n",
       "      <td>531300.000000</td>\n",
       "      <td>524000.000000</td>\n",
       "      <td>527960.000000</td>\n",
       "      <td>527960.000000</td>\n",
       "      <td>7300.000000</td>\n",
       "    </tr>\n",
       "    <tr>\n",
       "      <th>75%</th>\n",
       "      <td>2023-11-21 12:00:00</td>\n",
       "      <td>546967.000000</td>\n",
       "      <td>550811.500000</td>\n",
       "      <td>543487.500000</td>\n",
       "      <td>547127.500000</td>\n",
       "      <td>547127.500000</td>\n",
       "      <td>8300.000000</td>\n",
       "    </tr>\n",
       "    <tr>\n",
       "      <th>max</th>\n",
       "      <td>2024-02-23 00:00:00</td>\n",
       "      <td>629210.000000</td>\n",
       "      <td>632820.000000</td>\n",
       "      <td>626900.000000</td>\n",
       "      <td>628930.000000</td>\n",
       "      <td>628930.000000</td>\n",
       "      <td>20300.000000</td>\n",
       "    </tr>\n",
       "    <tr>\n",
       "      <th>std</th>\n",
       "      <td>NaN</td>\n",
       "      <td>36043.106837</td>\n",
       "      <td>35888.994892</td>\n",
       "      <td>36263.665060</td>\n",
       "      <td>36289.845271</td>\n",
       "      <td>36289.845271</td>\n",
       "      <td>2183.806830</td>\n",
       "    </tr>\n",
       "  </tbody>\n",
       "</table>\n",
       "</div>"
      ],
      "text/plain": [
       "                                Date           Open           High  \\\n",
       "count                            251     251.000000     251.000000   \n",
       "mean   2023-08-24 12:48:45.896414464  525292.143426  529244.677291   \n",
       "min              2023-02-24 00:00:00  446749.000000  455608.000000   \n",
       "25%              2023-05-24 12:00:00  499531.000000  504548.500000   \n",
       "50%              2023-08-24 00:00:00  528765.000000  531300.000000   \n",
       "75%              2023-11-21 12:00:00  546967.000000  550811.500000   \n",
       "max              2024-02-23 00:00:00  629210.000000  632820.000000   \n",
       "std                              NaN   36043.106837   35888.994892   \n",
       "\n",
       "                 Low          Close      Adj Close        Volume  \n",
       "count     251.000000     251.000000     251.000000    251.000000  \n",
       "mean   521298.609562  525343.350598  525343.350598   7510.358566  \n",
       "min    442363.000000  442765.000000  442765.000000   3900.000000  \n",
       "25%    495143.500000  500150.000000  500150.000000   6200.000000  \n",
       "50%    524000.000000  527960.000000  527960.000000   7300.000000  \n",
       "75%    543487.500000  547127.500000  547127.500000   8300.000000  \n",
       "max    626900.000000  628930.000000  628930.000000  20300.000000  \n",
       "std     36263.665060   36289.845271   36289.845271   2183.806830  "
      ]
     },
     "execution_count": 27,
     "metadata": {},
     "output_type": "execute_result"
    }
   ],
   "source": [
    "df.describe()"
   ]
  },
  {
   "cell_type": "code",
   "execution_count": 28,
   "metadata": {},
   "outputs": [
    {
     "name": "stdout",
     "output_type": "stream",
     "text": [
      "<class 'pandas.core.frame.DataFrame'>\n",
      "Index: 251 entries, 250 to 0\n",
      "Data columns (total 7 columns):\n",
      " #   Column     Non-Null Count  Dtype         \n",
      "---  ------     --------------  -----         \n",
      " 0   Date       251 non-null    datetime64[ns]\n",
      " 1   Open       251 non-null    float64       \n",
      " 2   High       251 non-null    float64       \n",
      " 3   Low        251 non-null    float64       \n",
      " 4   Close      251 non-null    float64       \n",
      " 5   Adj Close  251 non-null    float64       \n",
      " 6   Volume     251 non-null    int64         \n",
      "dtypes: datetime64[ns](1), float64(5), int64(1)\n",
      "memory usage: 15.7 KB\n"
     ]
    }
   ],
   "source": [
    "df.info()"
   ]
  },
  {
   "cell_type": "code",
   "execution_count": 29,
   "metadata": {},
   "outputs": [
    {
     "data": {
      "text/plain": [
       "Index(['Date', 'Open', 'High', 'Low', 'Close', 'Adj Close', 'Volume'], dtype='object')"
      ]
     },
     "execution_count": 29,
     "metadata": {},
     "output_type": "execute_result"
    }
   ],
   "source": [
    "df.columns"
   ]
  },
  {
   "cell_type": "code",
   "execution_count": 30,
   "metadata": {},
   "outputs": [
    {
     "name": "stderr",
     "output_type": "stream",
     "text": [
      "/home/diwas/Documents/scraping/stock/venv/lib/python3.10/site-packages/statsmodels/tsa/base/tsa_model.py:473: ValueWarning: A date index has been provided, but it has no associated frequency information and so will be ignored when e.g. forecasting.\n",
      "  self._init_dates(dates, freq)\n",
      "/home/diwas/Documents/scraping/stock/venv/lib/python3.10/site-packages/statsmodels/tsa/base/tsa_model.py:473: ValueWarning: A date index has been provided, but it is not monotonic and so will be ignored when e.g. forecasting.\n",
      "  self._init_dates(dates, freq)\n",
      "/home/diwas/Documents/scraping/stock/venv/lib/python3.10/site-packages/statsmodels/tsa/base/tsa_model.py:473: ValueWarning: A date index has been provided, but it has no associated frequency information and so will be ignored when e.g. forecasting.\n",
      "  self._init_dates(dates, freq)\n",
      "/home/diwas/Documents/scraping/stock/venv/lib/python3.10/site-packages/statsmodels/tsa/base/tsa_model.py:473: ValueWarning: A date index has been provided, but it is not monotonic and so will be ignored when e.g. forecasting.\n",
      "  self._init_dates(dates, freq)\n",
      "/home/diwas/Documents/scraping/stock/venv/lib/python3.10/site-packages/statsmodels/tsa/statespace/representation.py:374: FutureWarning: Unknown keyword arguments: dict_keys(['maxiter', 'method']).Passing unknown keyword arguments will raise a TypeError beginning in version 0.15.\n",
      "  warnings.warn(msg, FutureWarning)\n",
      " This problem is unconstrained.\n"
     ]
    },
    {
     "name": "stdout",
     "output_type": "stream",
     "text": [
      "RUNNING THE L-BFGS-B CODE\n",
      "\n",
      "           * * *\n",
      "\n",
      "Machine precision = 2.220D-16\n",
      " N =            5     M =           10\n",
      "\n",
      "At X0         0 variables are exactly at the bounds\n",
      "\n",
      "At iterate    0    f=  1.22899D+01    |proj g|=  1.04881D+01\n",
      "\n",
      "At iterate    5    f=  9.61147D+00    |proj g|=  1.05322D-02\n",
      "\n",
      "At iterate   10    f=  9.61049D+00    |proj g|=  7.91788D-02\n",
      "\n",
      "At iterate   15    f=  9.60354D+00    |proj g|=  1.18596D-02\n",
      "\n",
      "At iterate   20    f=  9.60215D+00    |proj g|=  3.97574D-03\n",
      "\n",
      "At iterate   25    f=  9.60194D+00    |proj g|=  2.95744D-03\n",
      "\n",
      "At iterate   30    f=  9.60193D+00    |proj g|=  2.50507D-03\n",
      "\n",
      "At iterate   35    f=  9.60188D+00    |proj g|=  3.62335D-03\n"
     ]
    },
    {
     "name": "stderr",
     "output_type": "stream",
     "text": [
      "\n",
      " Bad direction in the line search;\n",
      "   refresh the lbfgs memory and restart the iteration.\n"
     ]
    },
    {
     "name": "stdout",
     "output_type": "stream",
     "text": [
      "\n",
      "At iterate   40    f=  9.60187D+00    |proj g|=  5.26365D-05\n",
      "\n",
      "           * * *\n",
      "\n",
      "Tit   = total number of iterations\n",
      "Tnf   = total number of function evaluations\n",
      "Tnint = total number of segments explored during Cauchy searches\n",
      "Skip  = number of BFGS updates skipped\n",
      "Nact  = number of active bounds at final generalized Cauchy point\n",
      "Projg = norm of the final projected gradient\n",
      "F     = final function value\n",
      "\n",
      "           * * *\n",
      "\n",
      "   N    Tit     Tnf  Tnint  Skip  Nact     Projg        F\n",
      "    5     41     80      2     0     0   5.264D-05   9.602D+00\n",
      "  F =   9.6018700671921557     \n",
      "\n",
      "CONVERGENCE: REL_REDUCTION_OF_F_<=_FACTR*EPSMCH             \n",
      "Mean Squared Error (SARIMA): 8622408767.962551\n"
     ]
    },
    {
     "name": "stderr",
     "output_type": "stream",
     "text": [
      "/home/diwas/Documents/scraping/stock/venv/lib/python3.10/site-packages/statsmodels/tsa/base/tsa_model.py:836: ValueWarning: No supported index is available. Prediction results will be given with an integer index beginning at `start`.\n",
      "  return get_prediction_index(\n",
      "/home/diwas/Documents/scraping/stock/venv/lib/python3.10/site-packages/statsmodels/tsa/base/tsa_model.py:836: FutureWarning: No supported index is available. In the next version, calling this method in a model without a supported index will result in an exception.\n",
      "  return get_prediction_index(\n"
     ]
    }
   ],
   "source": [
    "import pandas as pd\n",
    "from statsmodels.tsa.statespace.sarimax import SARIMAX\n",
    "from sklearn.metrics import mean_squared_error\n",
    "\n",
    "# Preprocessing the dataframe\n",
    "df['Date'] = pd.to_datetime(df['Date']) # Convert Date column to datetime\n",
    "df = df.set_index('Date')  # Set Date column as index\n",
    "\n",
    "# Extracting the time series of Close prices\n",
    "close_series = df['Close']\n",
    "\n",
    "# Fit a SARIMA model\n",
    "model = SARIMAX(close_series, order=(1, 1, 1), seasonal_order=(1, 1, 1, 12), maxiter=1000, method='lbfgs')\n",
    "\n",
    "result = model.fit()\n",
    "\n",
    "# Make predictions\n",
    "forecast = result.forecast(steps=len(df))\n",
    "\n",
    "# Evaluate the model\n",
    "mse = mean_squared_error(close_series, forecast)\n",
    "print(\"Mean Squared Error (SARIMA):\", mse)\n"
   ]
  },
  {
   "cell_type": "code",
   "execution_count": null,
   "metadata": {},
   "outputs": [],
   "source": []
  },
  {
   "cell_type": "code",
   "execution_count": null,
   "metadata": {},
   "outputs": [],
   "source": []
  }
 ],
 "metadata": {
  "kernelspec": {
   "display_name": "venv",
   "language": "python",
   "name": "python3"
  },
  "language_info": {
   "codemirror_mode": {
    "name": "ipython",
    "version": 3
   },
   "file_extension": ".py",
   "mimetype": "text/x-python",
   "name": "python",
   "nbconvert_exporter": "python",
   "pygments_lexer": "ipython3",
   "version": "3.10.12"
  }
 },
 "nbformat": 4,
 "nbformat_minor": 2
}
